MTREV,count
0,27050
1524,38
1600,29
1829,28
1676,27
1500,26
1372,24
2000,22
2286,22
1400,21
1981,19
1300,19
1448,19
1900,17
2439,17
1800,17
1700,16
2200,15
2134,15
1000,13
2058,13
1067,13
1219,13
1554,12
1100,11
1200,11
1494,11
1295,11
2032,11
1326,10
1143,10
1631,10
3000,10
1905,10
1417,10
2500,10
2400,9
1433,9
1478,9
1570,9
2100,9
2440,9
1753,9
1951,8
1472,8
2300,8
3048,8
1402,7
1463,7
1387,7
1450,7
1250,7
1590,7
1213,7
1006,7
1875,7
3811,7
1509,7
15244,7
1693,7
1356,7
2362,6
1173,6
1768,6
1677,6
1539,6
2667,6
1525,6
1615,6
1311,6
990,6
1798,6
1021,6
2317,6
1350,6
1380,6
1551,6
1920,6
1265,6
3201,6
2800,6
2591,5
1112,5
1560,5
2042,5
2073,5
1737,5
1341,5
1378,5
1473,5
1651,5
1515,5
1541,5
1646,5
1537,5
1944,5
1150,5
1575,5
1582,5
1680,5
2103,5
1850,5
1520,5
1835,5
2820,5
3506,5
1795,4
1924,4
1464,4
1475,4
2113,4
2060,4
1314,4
2515,4
1286,4
1580,4
2244,4
2277,4
1661,4
1941,4
2744,4
1457,4
3735,4
3557,4
2365,4
1692,4
1840,4
2450,4
4573,4
1298,4
2092,4
1567,4
1736,4
1123,4
1982,4
1204,4
1820,4
1714,4
2119,4
1452,4
152449,4
1683,4
2900,4
2210,4
1980,4
1379,4
1550,4
1636,4
2675,4
1158,4
1522,4
1750,4
3300,4
1260,4
2637,4
945,4
1572,4
1805,4
1950,4
1545,4
2195,4
1610,4
1456,4
1470,4
1609,4
1336,4
1707,4
1540,4
2260,4
1502,4
1722,4
1732,4
2850,4
1825,4
2345,4
1899,4
2347,4
2700,3
1155,3
1014,3
1658,3
1438,3
1291,3
2081,3
3900,3
2310,3
1704,3
1321,3
2085,3
1999,3
2380,3
1552,3
2061,3
2090,3
1476,3
1145,3
1620,3
1976,3
2423,3
1377,3
1416,3
1642,3
1441,3
2019,3
1891,3
1598,3
500,3
2245,3
1843,3
2051,3
1077,3
1775,3
1399,3
1833,3
1480,3
1102,3
1310,3
1780,3
1440,3
1914,3
2130,3
1508,3
807,3
1327,3
1036,3
2745,3
1312,3
1860,3
1370,3
1435,3
1497,3
1514,3
1362,3
1830,3
970,3
1553,3
1628,3
1382,3
1936,3
1831,3
3353,3
1532,3
1359,3
2050,3
1368,3
1893,3
2173,3
3400,3
6000,3
1366,3
1817,3
1495,3
2014,3
2176,3
1969,3
1602,3
1533,3
1686,3
1220,3
1611,3
1490,3
1151,3
1812,3
1285,3
3064,3
1505,3
2075,3
2652,3
1868,3
1302,3
1585,3
914,3
2152,3
1429,3
1396,3
1947,3
1940,3
1783,3
2378,3
3100,3
1633,3
1051,3
2263,3
1757,3
2056,3
1909,3
1778,3
1369,3
1186,3
1444,3
1697,3
1785,3
1963,3
1531,3
1913,3
1308,3
2180,3
2220,3
2027,3
2555,3
2070,3
2478,3
2231,3
3090,3
1995,3
1890,3
1971,3
1649,3
2940,3
1547,2
1828,2
1084,2
1371,2
2162,2
2497,2
1781,2
2048,2
2358,2
1384,2
1072,2
4100,2
1296,2
1395,2
1353,2
2045,2
3781,2
1517,2
2791,2
1943,2
2544,2
1568,2
1671,2
838,2
2338,2
1542,2
2573,2
1883,2
1481,2
1807,2
2911,2
2462,2
1347,2
1569,2
4300,2
1248,2
890,2
2790,2
1952,2
1821,2
1059,2
2297,2
2356,2
2125,2
1929,2
2143,2
1718,2
2208,2
1687,2
2904,2
1888,2
1451,2
2083,2
2164,2
1385,2
1663,2
1352,2
1170,2
2585,2
2342,2
1859,2
2160,2
2510,2
968,2
1916,2
1699,2
2896,2
1318,2
2374,2
533,2
2111,2
1405,2
1721,2
1266,2
2183,2
2705,2
3174,2
2104,2
1935,2
1462,2
2336,2
1751,2
1432,2
1235,2
1884,2
2588,2
2740,2
2017,2
1534,2
1854,2
1745,2
1535,2
1703,2
1323,2
1897,2
1406,2
1443,2
1558,2
1797,2
600,2
2393,2
2947,2
1518,2
1654,2
2301,2
3140,2
1679,2
1691,2
1273,2
4190,2
1404,2
2288,2
2331,2
1238,2
1744,2
1328,2
1197,2
1561,2
1454,2
1645,2
949,2
1237,2
1290,2
1653,2
2259,2
1630,2
1934,2
1848,2
1511,2
1973,2
1413,2
1685,2
1424,2
936,2
1210,2
1257,2
2065,2
1044,2
1128,2
1208,2
2600,2
1523,2
3125,2
1191,2
1733,2
1647,2
954,2
1720,2
2828,2
1423,2
1422,2
2248,2
2285,2
1896,2
1546,2
1988,2
1280,2
2262,2
609,2
892,2
1516,2
2681,2
1618,2
921,2
1607,2
1804,2
1320,2
1872,2
1743,2
1386,2
1401,2
1431,2
2630,2
1409,2
1846,2
1240,2
1414,2
2094,2
1388,2
2465,2
1403,2
1458,2
1608,2
2322,2
2289,2
1189,2
2422,2
1398,2
1915,2
2282,2
1640,2
1650,2
1749,2
1270,2
1510,2
1583,2
2360,2
1343,2
1499,2
1729,2
3200,2
1975,2
1641,2
1461,2
698,2
1479,2
1690,2
1605,2
1588,2
3658,2
3922,2
1908,2
1097,2
1564,2
1304,2
1613,2
2053,2
1549,2
2169,2
1591,2
1460,2
1269,2
1040,2
2233,2
2484,2
1114,2
3017,2
1921,2
2313,2
846,2
2228,2
1501,2
2196,2
2426,2
2417,2
2495,2
2382,2
2596,2
900,2
1374,2
2698,2
980,2
1045,2
1345,2
2030,2
1335,2
2150,2
1836,2
2320,2
1773,2
1867,2
1931,2
1777,2
1822,2
1789,2
3600,2
2574,2
2608,2
1911,2
1603,2
1639,2
2035,2
2004,2
1334,2
1234,2
1978,2
1997,2
1597,2
1880,2
1857,2
1066,2
2216,2
984,2
1965,2
3079,2
2010,2
1373,2
2178,2
1232,2
2535,2
1910,2
2699,2
940,2
1526,2
1430,2
1483,2
2407,2
1966,2
1874,2
814,2
2040,2
2271,2
1415,2
3700,2
1810,2
1050,2
1862,2
2375,2
1933,2
1667,2
1256,2
1765,2
1041,2
3170,2
1116,2
2315,2
2110,2
1617,2
1989,2
1181,2
2950,2
1507,2
1223,2
2172,2
2163,2
2766,2
1902,2
2077,2
2728,2
1621,2
2410,2
1425,2
2606,2
2205,2
1774,2
2972,2
1216,2
1837,2
1887,2
1824,2
2122,2
2840,2
2710,2
3246,1
2874,1
4022,1
950,1
1809,1
1604,1
2106,1
1226,1
1246,1
2250,1
3464,1
1178,1
3791,1
2293,1
2835,1
3012,1
3756,1
2442,1
3115,1
2673,1
1104,1
1307,1
5097,1
2635,1
1994,1
2128,1
860,1
1624,1
792,1
5650,1
828,1
1990,1
1268,1
2054,1
380,1
1727,1
1770,1
3254,1
1715,1
1791,1
1986,1
2392,1
612,1
1832,1
934,1
2780,1
1125,1
2473,1
3143,1
1878,1
2851,1
1209,1
1195,1
4071,1
3004,1
4177,1
2696,1
1455,1
1544,1
3076,1
3375,1
1844,1
3357,1
2997,1
1182,1
3445,1
2467,1
2230,1
909,1
532,1
812,1
2418,1
1093,1
4116,1
3150,1
2175,1
3024,1
4748,1
10189,1
3500,1
2211,1
2434,1
1954,1
830,1
2039,1
3045,1
3890,1
3034,1
3964,1
1937,1
3322,1
3484,1
1606,1
428,1
2877,1
1305,1
4669,1
924,1
3120,1
899,1
6707,1
2457,1
1665,1
2151,1
4123,1
4018,1
1081,1
919,1
1530,1
3145,1
3117,1
3152,1
1735,1
3951,1
4797,1
1294,1
2034,1
2333,1
2170,1
1231,1
3389,1
1177,1
1042,1
3519,1
2247,1
2368,1
3282,1
2148,1
2028,1
2394,1
1410,1
5428,1
2008,1
2063,1
2542,1
3139,1
2141,1
1614,1
772,1
1474,1
7800,1
2348,1
1133,1
2270,1
2854,1
1013,1
304,1
986,1
2236,1
3765,1
1094,1
2916,1
1695,1
100,1
4436,1
3176,1
960,1
1367,1
2590,1
3860,1
1612,1
930,1
1139,1
2830,1
480,1
1131,1
4502,1
2455,1
185,1
3750,1
2015,1
1047,1
1752,1
1263,1
4318,1
5848,1
3137,1
1364,1
1471,1
2474,1
1393,1
1103,1
1254,1
2251,1
2663,1
2326,1
199,1
988,1
904,1
686,1
1746,1
2436,1
4543,1
3141,1
1330,1
1408,1
3310,1
2886,1
1244,1
1886,1
1748,1
1391,1
3902,1
2041,1
6400,1
1277,1
669,1
2792,1
2420,1
1566,1
939,1
2878,1
3688,1
1919,1
5137,1
1962,1
1959,1
2488,1
951,1
3162,1
1496,1
2470,1
1252,1
1892,1
2466,1
2593,1
2412,1
2076,1
1281,1
4316,1
932,1
2990,1
2218,1
3711,1
2645,1
1255,1
4503,1
1670,1
3050,1
7966,1
1738,1
3659,1
1348,1
2879,1
2870,1
2093,1
1046,1
2312,1
2144,1
2359,1
3215,1
946,1
1616,1
3032,1
1895,1
1149,1
1521,1
1504,1
4550,1
1885,1
2390,1
1313,1
1293,1
4367,1
2112,1
3426,1
2477,1
1710,1
2009,1
548,1
1766,1
1136,1
2126,1
1340,1
2955,1
1864,1
2513,1
1991,1
1996,1
493,1
2897,1
1092,1
746,1
1135,1
1357,1
2847,1
3762,1
4600,1
4426,1
2213,1
2408,1
3493,1
1251,1
5915,1
1020,1
2464,1
3544,1
2988,1
1245,1
2303,1
3806,1
4836,1
1,1
1763,1
1467,1
823,1
632,1
4344,1
2184,1
2153,1
7652,1
3391,1
3320,1
762,1
2452,1
1239,1
2739,1
2272,1
2775,1
3458,1
4430,1
1577,1
400,1
7149,1
2765,1
1437,1
2068,1
3186,1
767,1
111,1
2026,1
1354,1
3271,1
1998,1
1421,1
3196,1
1873,1
1484,1
1076,1
2281,1
1351,1
2357,1
3606,1
3786,1
1498,1
1003,1
5000,1
1669,1
1655,1
2325,1
966,1
2641,1
1253,1
3876,1
2476,1
1466,1
1513,1
404,1
992,1
847,1
1634,1
1274,1
1625,1
4500,1
2458,1
1527,1
1984,1
3149,1
2908,1
811,1
1528,1
1160,1
779,1
1360,1
1434,1
3553,1
2224,1
1218,1
1033,1
1080,1
2584,1
1579,1
1090,1
3342,1
1796,1
1675,1
1724,1
1127,1
3462,1
712,1
1436,1
1121,1
1230,1
1183,1
3802,1
5600,1
3041,1
2302,1
8000,1
5624,1
3536,1
1056,1
1024,1
1156,1
1681,1
731,1
2634,1
3683,1
1032,1
1315,1
1993,1
1716,1
4328,1
1870,1
2343,1
1853,1
2318,1
2166,1
2758,1
2592,1
12250,1
3155,1
2888,1
4200,1
2524,1
1776,1
1442,1
1666,1
3109,1
1803,1
2508,1
1784,1
2307,1
1358,1
4432,1
2199,1
2646,1
2827,1
1925,1
929,1
2805,1
2619,1
1792,1
2425,1
2730,1
2562,1
2719,1
4308,1
5991,1
6083,1
3751,1
2951,1
1755,1
1858,1
1713,1
1979,1
2505,1
300,1
2701,1
3075,1
2519,1
2862,1
4176,1
2678,1
1297,1
1904,1
2621,1
2971,1
3440,1
2865,1
3674,1
3552,1
2942,1
1917,1
2432,1
2413,1
1165,1
1453,1
455,1
3323,1
1524490,1
991,1
3253,1
2643,1
2603,1
1262,1
2135,1
2158,1
2346,1
1168,1
2037,1
3171,1
4837,1
2934,1
4024,1
923,1
2044,1
3727,1
1771,1
1855,1
1283,1
2703,1
3574,1
1586,1
2788,1
4064,1
3248,1
2012,1
3047,1
6097,1
1023,1
30489,1
1762,1
2506,1
3730,1
3624,1
1446,1
3118,1
3454,1
2807,1
2323,1
1375,1
2193,1
3025,1
5768,1
2906,1
2581,1
1397,1
4409,1
2819,1
850,1
3033,1
2296,1
2856,1
2749,1
2306,1
2846,1
1974,1
2734,1
5200,1
2202,1
3260,1
2583,1
2328,1
3772,1
2732,1
1017,1
517,1
2140,1
3094,1
2552,1
2958,1
1637,1
2057,1
2984,1
1271,1
6900,1
2812,1
7388,1
3573,1
3264,1
2964,1
2482,1
3797,1
3078,1
2986,1
1284,1
2086,1
1938,1
2913,1
3795,1
2168,1
5554,1
2587,1
5823,1
2101,1
1863,1
2832,1
1115,1
1224,1
1180,1
3089,1
2567,1
2818,1
1923,1
2967,1
2565,1
997,1
1555,1
2190,1
3259,1
2064,1
2385,1
2167,1
2261,1
5487,1
1111,1
457,1
1656,1
2806,1
3447,1
1939,1
1967,1
3406,1
6850,1
3603,1
5062,1
6676,1
2258,1
2398,1
1985,1
2669,1
687,1
3203,1
2726,1
1758,1
2389,1
2174,1
766,1
3599,1
2774,1
2391,1
2021,1
1932,1
2617,1
7175,1
2011,1
2136,1
2653,1
2784,1
4802,1
3550,1
2185,1
642,1
1089,1
2529,1
2459,1
2437,1
1711,1
3321,1
1955,1
4070,1
2979,1
4021,1
2689,1
1701,1
868,1
3704,1
2341,1
2910,1
2672,1
1958,1
2215,1
2970,1
853,1
2548,1
2241,1
2431,1
3945,1
3828,1
942,1
864,1
2414,1
1927,1
2692,1
2773,1
3833,1
4033,1
1389,1
1459,1
2108,1
1559,1
1684,1
1099,1
1447,1
1627,1
1477,1
2265,1
1233,1
2463,1
2055,1
2149,1
2147,1
1866,1
2204,1
3147,1
2501,1
1449,1
4010,1
3011,1
1491,1
2080,1
6646,1
1487,1
1992,1
3737,1
103,1
1338,1
1069,1
3043,1
2717,1
910,1
3128,1
1259,1
1292,1
1062,1
23718,1
2948,1
1039,1
1946,1
3483,1
3714,1
40363,1
3018,1
2001,1
3521,1
2221,1
1788,1
1698,1
2105,1
3204,1
3609,1
1018,1
1584,1
2767,1
1492,1
821,1
1818,1
3850,1
4192,1
1536,1
2553,1
726,1
2480,1
1731,1
2599,1
3347,1
1756,1
1247,1
2449,1
2873,1
2182,1
1814,1
2649,1
1619,1
2963,1
2475,1
4633,1
3883,1
3446,1
2713,1
1664,1
2115,1
1025,1
861,1
2889,1
873,1
829,1
2257,1
1960,1
2225,1
4725,1
822,1
4020,1
1301,1
4668,1
1879,1
1190,1
2564,1
1091,1
1660,1
2538,1
841,1
2639,1
917,1
1275,1
1242,1
3414,1
2305,1
1734,1
1166,1
1953,1
3729,1
2363,1
2604,1
1672,1
2332,1
663,1
1856,1
2936,1
2367,1
2067,1
1601,1
5250,1
1222,1
1548,1
283,1
1728,1
4238,1
2490,1
4974,1
3942,1
3417,1
2885,1
1132,1
2387,1
1741,1
3430,1
2741,1
3037,1
2509,1
2444,1
1048,1
2981,1
1174,1
5335,1
2511,1
1557,1
4421,1
855,1
1594,1
1790,1
2485,1
894,1
1786,1
1648,1
1193,1
1258,1
2569,1
2629,1
2292,1
2601,1
1556,1
188,1
2339,1
2632,1
2928,1
1688,1
948,1
75,1
913,1
1682,1
1108,1
2294,1
1058,1
1468,1
1169,1
1049,1
2625,1
2866,1
2927,1
2978,1
1861,1
1217,1
4000,1
2445,1
1428,1
4381,1
2268,1
896,1
2254,1
1027,1
3517,1
2005,1
1847,1
5256,1
1306,1
2868,1
947,1
2099,1
3996,1
239,1
1659,1
1074,1
2448,1
1167,1
9317,1
1229,1
2189,1
2733,1
3153,1
2559,1
3268,1
3872,1
1592,1
2737,1
1662,1
1287,1
1599,1
3938,1
2275,1
1068,1
691,1
3438,1
3582,1
1723,1
2453,1
1903,1
1418,1
1028,1
2029,1
523,1
2334,1
4310,1
863,1
1816,1
1839,1
152,1
3542,1
1221,1
3295,1
6491,1
2683,1
866,1
105,1
962,1
1877,1
3975,1
